   7.0823368e-01
   4.1746035e-01
   1.2013062e-01
  -2.3738421e-02
  -2.4711510e-02
   8.7677652e-03
   1.0348492e-02
  -4.8829376e-03
  -5.8171386e-03
   3.3716100e-03
   3.9063895e-03
  -2.6884915e-03
  -2.9826204e-03
   2.3966134e-03
   2.5278996e-03
  -2.3520880e-03
  -3.5339898e-01
   1.2891410e-01
   4.9043814e-01
   4.4768886e-01
   1.5958152e-01
  -4.3199604e-02
  -4.5054276e-02
   1.9843278e-02
   2.2653307e-02
  -1.2766167e-02
  -1.4509185e-02
   9.8524148e-03
   1.0828397e-02
  -8.6459141e-03
  -9.0837162e-03
   8.4360245e-03
   2.5478881e-01
  -7.9438651e-02
  -1.8002168e-01
   1.1270699e-01
   4.5299032e-01
   4.5710309e-01
   1.7204563e-01
  -5.7268690e-02
  -5.7207008e-02
   2.9864275e-02
   3.2348060e-02
  -2.1279596e-02
  -2.2894435e-02
   1.8024808e-02
   1.8775629e-02
  -1.7365908e-02
  -1.9264276e-01
   5.7539598e-02
   1.1855020e-01
  -6.0558742e-02
  -1.3755041e-01
   1.1051120e-01
   4.3850632e-01
   4.6201353e-01
   1.7675058e-01
  -7.0000077e-02
  -6.6362765e-02
   4.0455161e-02
   4.1534393e-02
  -3.1758507e-02
  -3.2516100e-02
   2.9834063e-02
   1.4330335e-01
  -4.2055381e-02
  -8.3623389e-02
   4.0136114e-02
   8.1653506e-02
  -5.2756329e-02
  -1.1449948e-01
   1.1121288e-01
   4.3036804e-01
   4.6624326e-01
   1.7933313e-01
  -8.3730104e-02
  -7.5715752e-02
   5.4025581e-02
   5.3262695e-02
  -4.8049159e-02
  -9.9719238e-02
   2.9015527e-02
   5.6745671e-02
  -2.6507282e-02
  -5.1684172e-02
   3.1210872e-02
   6.0395080e-02
  -4.6871396e-02
  -9.6541871e-02
   1.1139300e-01
   4.2293339e-01
   4.7265634e-01
   1.8394567e-01
  -1.0243901e-01
  -9.0682596e-02
   7.8322264e-02
   5.8956627e-02
  -1.7080870e-02
  -3.3131761e-02
   1.5276769e-02
   2.9215869e-02
  -1.7147768e-02
  -3.1798752e-02
   2.3087392e-02
   4.2463097e-02
  -3.9147738e-02
  -7.7430954e-02
   1.0696784e-01
   4.0985026e-01
   4.8875709e-01
   2.0216222e-01
  -1.4555836e-01
  -1.9521497e-02
   5.6453278e-03
   1.0912189e-02
  -5.0042888e-03
  -9.4951191e-03
   5.5107725e-03
   1.0056981e-02
  -7.1340625e-03
  -1.2669002e-02
   1.1041840e-02
   1.9781931e-02
  -2.2233562e-02
  -4.4565913e-02
   7.9639341e-02
   3.5555397e-01
   5.9673317e-01
