   7.1386213e-01
   4.1586146e-01
   1.1713905e-01
  -2.2430941e-02
  -2.2386728e-02
   7.5268332e-03
   8.3097854e-03
  -3.6134993e-03
  -3.8983391e-03
   2.0027759e-03
   2.0013611e-03
  -1.1449345e-03
  -1.0004418e-03
   5.7962275e-04
   3.6912298e-04
  -1.1484109e-04
  -3.7311174e-01
   1.3451470e-01
   5.0091967e-01
   4.4310618e-01
   1.5142925e-01
  -3.8845347e-02
  -3.7895235e-02
   1.5381408e-02
   1.5901485e-02
  -7.9431248e-03
  -7.7862577e-03
   4.3949157e-03
   3.8044674e-03
  -2.1902527e-03
  -1.3893468e-03
   4.3143704e-04
   2.9353341e-01
  -9.0449199e-02
  -2.0063754e-01
   1.2172673e-01
   4.6905057e-01
   4.4851498e-01
   1.5790497e-01
  -4.8439925e-02
  -4.3818636e-02
   2.0276193e-02
   1.8942511e-02
  -1.0357973e-02
  -8.7773455e-03
   4.9826169e-03
   3.1336116e-03
  -9.6912689e-04
  -2.5432161e-01
   7.5074609e-02
   1.5140600e-01
  -7.4948908e-02
  -1.6320972e-01
   1.2425746e-01
   4.6119160e-01
   4.4781053e-01
   1.5514002e-01
  -5.4461091e-02
  -4.4531484e-02
   2.2565176e-02
   1.8247128e-02
  -1.0060054e-02
  -6.2187415e-03
   1.9078707e-03
   2.3129430e-01
  -6.7085065e-02
  -1.3057095e-01
   6.0729794e-02
   1.1845052e-01
  -7.2521832e-02
  -1.4722686e-01
   1.3178704e-01
   4.6182883e-01
   4.4348445e-01
   1.4712323e-01
  -5.7098467e-02
  -4.0667822e-02
   2.0922699e-02
   1.2453895e-02
  -3.7566466e-03
  -2.1712391e-01
   6.2438843e-02
   1.1952855e-01
  -5.4106792e-02
  -1.0114393e-01
   5.7878893e-02
   1.0476235e-01
  -7.4928256e-02
  -1.3975806e-01
   1.4293673e-01
   4.6807215e-01
   4.3481890e-01
   1.3328288e-01
  -5.3518479e-02
  -2.8603958e-02
   8.2607580e-03
   2.0878754e-01
  -5.9782989e-02
  -1.1350806e-01
   5.0717913e-02
   9.2991730e-02
  -5.1720794e-02
  -8.9713333e-02
   6.0028276e-02
   9.9980675e-02
  -8.1702601e-02
  -1.3937943e-01
   1.6005137e-01
   4.8300681e-01
   4.1531222e-01
   1.0371592e-01
  -2.4969802e-02
  -2.0490021e-01
   5.8561763e-02
   1.1080297e-01
  -4.9241305e-02
  -8.9574269e-02
   4.9263741e-02
   8.4095333e-02
  -5.4976266e-02
  -8.8410559e-02
   6.8301146e-02
   1.0553830e-01
  -9.8599013e-02
  -1.5566400e-01
   2.0057030e-01
   5.4064017e-01
   3.0339990e-01
