   7.0186100e-03
   1.6274395e-02
   2.5392065e-02
   3.4273863e-02
   4.2835898e-02
   5.0998059e-02
   5.8684093e-02
   6.5822223e-02
   7.2345794e-02
   7.8193896e-02
   8.3311924e-02
   8.7652093e-02
   9.1173879e-02
   9.3844399e-02
   9.5638720e-02
   9.6540089e-02
   9.6540089e-02
   9.5638720e-02
   9.3844399e-02
   9.1173879e-02
   8.7652093e-02
   8.3311924e-02
   7.8193896e-02
   7.2345794e-02
   6.5822223e-02
   5.8684093e-02
   5.0998059e-02
   4.2835898e-02
   3.4273863e-02
   2.5392065e-02
   1.6274395e-02
   7.0186100e-03
