0.7082336805923402
0.4174603456614055
0.1201306210679926
-0.0237384214490220
-0.0247115099296993
0.0087677652494516
0.0103484922682165
-0.0048829375742948
-0.0058171385997042
0.0033716100497611
0.0039063895362322
-0.0026884914506444
-0.0029826204379799
0.0023966133657277
0.0025278996374981
-0.0023520880120266
-0.3533989766039463
0.1289141029247849
0.4904381439593198
0.4476888554483156
0.1595815187430263
-0.0431996043883891
-0.0450542761365297
0.0198432780500969
0.0226533071187764
-0.0127661666173026
-0.0145091849486018
0.0098524148293410
0.0108283966165110
-0.0086459140673153
-0.0090837161649102
0.0084360245293210
0.2547888140892103
-0.0794386511305539
-0.1800216753917482
0.1127069946981099
0.4529903213227301
0.4571030934901456
0.1720456302558366
-0.0572686901163087
-0.0572070079705632
0.0298642753857761
0.0323480604597623
-0.0212795957958572
-0.0228944350026966
0.0180248076268620
0.0187756290920826
-0.0173659080015727
-0.1926427644762529
0.0575395983713891
0.1185502002165091
-0.0605587419142252
-0.1375504134801631
0.1105111980442395
0.4385063216111399
0.4620135345715323
0.1767505762588966
-0.0700000771781777
-0.0663627648029001
0.0404551610934199
0.0415343932539965
-0.0317585071715892
-0.0325161000341283
0.0298340633769956
0.1433033540000506
-0.0420553811514164
-0.0836233891757775
0.0401361142969071
0.0816535055732694
-0.0527563287484864
-0.1144994775853014
0.1112128815258087
0.4303680392263895
0.4662432580208928
0.1793331307963325
-0.0837301037551319
-0.0757157523283246
0.0540255806818779
0.0532626953367605
-0.0480491590014860
-0.0997192378404317
0.0290155272553322
0.0567456713515015
-0.0265072815309246
-0.0516841720948336
0.0312108723382504
0.0603950802150088
-0.0468713962117200
-0.0965418713375640
0.1113929985433533
0.4229333917674608
0.4726563404781661
0.1839456727063571
-0.1024390131967896
-0.0906825961622589
0.0783222643612123
0.0589566269168384
-0.0170808697411231
-0.0331317609494943
0.0152767692550160
0.0292158689453183
-0.0171477684792897
-0.0317987518605555
0.0230873922781534
0.0424630971897936
-0.0391477381829754
-0.0774309538666544
0.1069678364314479
0.4098502582609164
0.4887570918888832
0.2021622184713724
-0.1455583641763743
-0.0195214966778084
0.0056453278101818
0.0109121889216969
-0.0050042888041768
-0.0094951190796480
0.0055107724940780
0.0100569812321846
-0.0071340625232678
-0.0126690018860246
0.0110418399786724
0.0197819310583685
-0.0222335618307413
-0.0445659130687800
0.0796393408723433
0.3555539698235838
0.5967331669239306
