0.7138621264850029
0.4158614649995460
0.1171390533885666
-0.0224309414525152
-0.0223867275212341
0.0075268332425387
0.0083097853751947
-0.0036134992927350
-0.0038983391485322
0.0020027759055358
0.0020013610561088
-0.0011449345392067
-0.0010004418238182
0.0005796227498290
0.0003691229777510
-0.0001148410895266
-0.3731117376310109
0.1345146978688941
0.5009196712113994
0.4431061809431234
0.1514292542409961
-0.0388453473755598
-0.0378952348465420
0.0153814075225089
0.0159014848426175
-0.0079431247886893
-0.0077862576814684
0.0043949156603830
0.0038044673660606
-0.0021902526754258
-0.0013893468075581
0.0004314370407234
0.2935334077534948
-0.0904491991507758
-0.2006375430165828
0.1217267282571176
0.4690505693866059
0.4485149826814497
0.1579049657964081
-0.0484399253991464
-0.0438186361102529
0.0202761928802727
0.0189425113789293
-0.0103579732562729
-0.0087773455062908
0.0049826169161143
0.0031336115858597
-0.0009691268935199
-0.2543216125483122
0.0750746089078695
0.1514059982920834
-0.0749489083470473
-0.1632097247818790
0.1242574593626827
0.4611915989585189
0.4478105302111243
0.1551400216478456
-0.0544610911859422
-0.0445314841467965
0.0225651764329818
0.0182471281387628
-0.0100600543577763
-0.0062187415151346
0.0019078707296151
0.2312943045160101
-0.0670850646237963
-0.1305709521800638
0.0607297941305177
0.1184505233059086
-0.0725218317815637
-0.1472268604148448
0.1317870430598982
0.4618288268307383
0.4434844549025628
0.1471232281426801
-0.0570984665414406
-0.0406678216286402
0.0209226990236611
0.0124538953296838
-0.0037566466272948
-0.2171239069846040
0.0624388430107100
0.1195285512638427
-0.0541067920843720
-0.1011439299315847
0.0578788932057221
0.1047623469874682
-0.0749282556026716
-0.1397580556688505
0.1429367300147700
0.4680721498192956
0.4348189017231927
0.1332828758133183
-0.0535184789189454
-0.0286039577327160
0.0082607580054626
0.2087875429056409
-0.0597829885222319
-0.1135080588890587
0.0507179130294734
0.0929917302083465
-0.0517207938386748
-0.0897133328585768
0.0600282764461917
0.0999806752076895
-0.0817026011454862
-0.1393794337995033
0.1600513710164597
0.4830068086060422
0.4153122181040704
0.1037159232533378
-0.0249698016066503
-0.2049002094488522
0.0585617629264828
0.1108029670564811
-0.0492413053477593
-0.0895742689267964
0.0492637410706939
0.0840953326985925
-0.0549762659931624
-0.0884105585949814
0.0683011464015245
0.1055383029995325
-0.0985990125544629
-0.1556639994547752
0.2005703021781758
0.5406401699812300
0.3033999036738149
